0.020737 0.020428 1
0.020737 0.020428 0
0.049923 0.069066 1
0.049923 0.069066 -1
0.079109 0.10019 1
0.079109 0.10019 -1
0.096006 0.12354 1
0.096006 0.12354 -1
0.10369 0.13327 1
0.10369 0.13327 -1
0.11905 0.14689 1
0.11905 0.14689 -1
0.13441 0.17023 1
0.13441 0.17023 -1
0.1467 0.1858 1
0.1467 0.1858 -1
0.15131 0.19163 1
0.15131 0.19163 -1
0.16513 0.20914 1
0.16513 0.20914 -1
0.17896 0.22276 1
0.17896 0.22276 -1
0.18971 0.23638 1
0.18971 0.23638 -1
0.22657 0.2714 1
0.22657 0.2714 -1
0.25115 0.29864 1
0.25115 0.29864 -1
0.2957 0.3356 1
0.2957 0.3356 -1
0.32335 0.36479 1
0.32335 0.36479 -1
0.34178 0.3823 1
0.34178 0.3823 -1
0.36943 0.40759 1
0.36943 0.40759 -1
0.38479 0.42315 1
0.38479 0.42315 -1
0.4063 0.43872 1
0.4063 0.43872 -1
0.44163 0.46984 1
0.44163 0.46984 -1
0.46006 0.48541 1
0.46006 0.48541 -1
0.4831 0.50875 1
0.4831 0.50875 -1
0.50154 0.53016 1
0.50154 0.53016 -1
0.53379 0.55934 1
0.53379 0.55934 -1
0.54762 0.56907 1
0.54762 0.56907 -1
0.56605 0.59241 1
0.56605 0.59241 -1
0.58909 0.61381 1
0.58909 0.61381 -1
0.60599 0.62549 1
0.60599 0.62549 -1
0.6275 0.64883 1
0.6275 0.64883 -1
0.64286 0.6644 1
0.64286 0.6644 -1
0.66283 0.67802 1
0.66283 0.67802 -1
0.67512 0.69553 1
0.67512 0.69553 -1
0.69969 0.71887 1
0.69969 0.71887 -1
0.71045 0.7286 1
0.71045 0.7286 -1
0.74578 0.75973 1
0.74578 0.75973 -1
0.77496 0.77724 1
0.77496 0.77724 -1
0.79954 0.7928 1
0.79954 0.7928 -1
0.88556 0.85895 1
0.88556 0.85895 -1
0.90246 0.86868 1
0.90246 0.86868 -1
0.90553 0.87062 1
0.90553 0.87062 -1
0.91475 0.87646 1
0.91475 0.87646 -1
0.92243 0.88035 1
0.92243 0.88035 -1
0.93011 0.89008 1
0.93011 0.89008 -1
0.93779 0.89981 1
0.93779 0.89981 -1
0.95008 0.90759 1
0.95008 0.90759 -1
0.95469 0.91342 1
0.95469 0.91342 -1
0.95929 0.91926 1
0.95929 0.91926 -1
0.97465 0.93288 1
0.97465 0.93288 -1
0.97926 0.93677 1
0.97926 0.93677 -1
0.98541 0.94261 1
0.98541 0.94261 -1
0.98848 0.94455 1
0.98848 0.94455 -1
0.99462 0.95233 1
0.99462 0.95233 -1
0.99616 0.95623 1
0.99616 0.95623 -1
0.0038402 -0.0029183 17.321
0.0038402 -0.0029183 0
0.0084485 0.0029183 1
0.0084485 0.0029183 -1
0.026882 0.034047 1
0.026882 0.034047 -1
0.033026 0.043774 1
0.033026 0.043774 -1
0.037634 0.047665 1
0.037634 0.047665 -1
0.049923 0.069066 1
0.049923 0.069066 -1
0.065284 0.082685 1
0.065284 0.082685 -1
0.06682 0.082685 1
0.06682 0.082685 -1
0.072965 0.086576 1
0.072965 0.086576 -1
0.076037 0.092412 1
0.076037 0.092412 -1
0.083717 0.098249 1
0.083717 0.098249 -1
0.085253 0.10019 1
0.085253 0.10019 -1
0.083717 0.10019 1
0.083717 0.10019 -1
0.089862 0.10409 1
0.089862 0.10409 -1
0.097542 0.10992 1
0.097542 0.10992 -1
0.11751 0.1177 1
0.11751 0.1177 -1
0.13902 0.13327 1
0.13902 0.13327 -1
0.13902 0.13327 1
0.13902 0.13327 -1
0.15745 0.15078 1
0.15745 0.15078 -1
0.15745 0.15078 1
0.15745 0.15078 -1
0.16667 0.15661 1
0.16667 0.15661 -1
0.17588 0.16051 1
0.17588 0.16051 -1
0.18049 0.1644 1
0.18049 0.1644 -1
0.1851 0.17023 1
0.1851 0.17023 -1
0.19432 0.17218 1
0.19432 0.17218 -1
0.20814 0.19163 1
0.20814 0.19163 -1
0.20661 0.18969 1
0.20661 0.18969 -1
0.21582 0.20136 1
0.21582 0.20136 -1
0.23425 0.21304 1
0.23425 0.21304 -1
0.23425 0.21498 1
0.23425 0.21498 -1
0.24347 0.22471 1
0.24347 0.22471 -1
0.24808 0.2286 1
0.24808 0.2286 -1
0.2573 0.23638 1
0.2573 0.23638 -1
0.26959 0.25389 1
0.26959 0.25389 -1
0.2788 0.26556 1
0.2788 0.26556 -1
0.28955 0.27724 1
0.28955 0.27724 -1
0.29416 0.28307 1
0.29416 0.28307 -1
0.31106 0.29475 1
0.31106 0.29475 -1
0.3126 0.29475 1
0.3126 0.29475 -1
0.32181 0.30642 1
0.32181 0.30642 -1
0.32949 0.30642 1
0.32949 0.30642 -1
0.33871 0.31615 1
0.33871 0.31615 -1
0.34332 0.32198 1
0.34332 0.32198 -1
0.36636 0.34728 1
0.36636 0.34728 -1
0.37865 0.357 1
0.37865 0.357 -1
0.39555 0.37451 1
0.39555 0.37451 -1
0.4063 0.38424 1
0.4063 0.38424 -1
0.4232 0.39786 1
0.4232 0.39786 -1
0.43702 0.41342 1
0.43702 0.41342 -1
0.45392 0.43288 1
0.45392 0.43288 -1
0.4831 0.46401 1
0.4831 0.46401 -1
0.51075 0.49903 1
0.51075 0.49903 -1
0.54762 0.54183 1
0.54762 0.54183 -1
0.55684 0.54961 1
0.55684 0.54961 -1
0.55684 0.55156 1
0.55684 0.55156 -1
0.56912 0.56128 1
0.56912 0.56128 -1
0.57988 0.5749 1
0.57988 0.5749 -1
0.58756 0.58074 1
0.58756 0.58074 -1
0.59677 0.59436 1
0.59677 0.59436 -1
0.60292 0.5963 1
0.60292 0.5963 -1
0.61214 0.61187 1
0.61214 0.61187 -1
0.61521 0.61381 1
0.61521 0.61381 -1
0.62596 0.62354 1
0.62596 0.62354 -1
0.63518 0.63132 1
0.63518 0.63132 -1
0.63978 0.63716 1
0.63978 0.63716 -1
0.65054 0.65272 1
0.65054 0.65272 -1
0.65975 0.66634 1
0.65975 0.66634 -1
0.67204 0.67802 1
0.67204 0.67802 -1
0.67972 0.68385 1
0.67972 0.68385 -1
0.6874 0.69553 1
0.6874 0.69553 -1
0.68894 0.69942 1
0.68894 0.69942 -1
0.7043 0.7072 1
0.7043 0.7072 -1
0.70891 0.71887 1
0.70891 0.71887 -1
0.71198 0.71887 1
0.71198 0.71887 -1
0.7212 0.7286 1
0.7212 0.7286 -1
0.73502 0.73638 1
0.73502 0.73638 -1
0.74578 0.74222 1
0.74578 0.74222 -1
0.7596 0.75778 1
0.7596 0.75778 -1
0.77035 0.76946 1
0.77035 0.76946 -1
0.77496 0.77529 1
0.77496 0.77529 -1
0.78264 0.77724 1
0.78264 0.77724 -1
0.78571 0.78113 1
0.78571 0.78113 -1
0.78725 0.78307 1
0.78725 0.78307 -1
0.79954 0.78891 1
0.79954 0.78891 -1
0.80108 0.79475 1
0.80108 0.79475 -1
0.80568 0.80058 1
0.80568 0.80058 -1
0.81029 0.80447 1
0.81029 0.80447 -1
0.81797 0.81031 1
0.81797 0.81031 -1
0.8318 0.82198 1
0.8318 0.82198 -1
0.84716 0.8356 1
0.84716 0.8356 -1
0.86866 0.85311 1
0.86866 0.85311 -1
0.87634 0.85895 1
0.87634 0.85895 -1
0.88402 0.86868 1
0.88402 0.86868 -1
0.90399 0.89008 1
0.90399 0.89008 -1
0.91167 0.89786 1
0.91167 0.89786 -1
0.91628 0.89981 1
0.91628 0.89981 -1
0.9255 0.90953 1
0.9255 0.90953 -1
0.9424 0.92899 1
0.9424 0.92899 -1
0.95008 0.93677 1
0.95008 0.93677 -1
0.96083 0.94844 1
0.96083 0.94844 -1
0.97312 0.96012 1
0.97312 0.96012 -1
0.97158 0.95817 1
0.97158 0.95817 -1
0.97773 0.96595 1
0.97773 0.96595 -1
0.98541 0.97179 1
0.98541 0.97179 -1
0.98694 0.97568 1
0.98694 0.97568 -1
0.98694 0.97374 1
0.98694 0.97374 -1
