0.0038402 0.0068093 1
0.0038402 0.0068093 -1
0.0069124 0.0087549 1
0.0069124 0.0087549 -1
0.0084485 0.012646 1
0.0084485 0.012646 -1
0.017665 0.018482 1
0.017665 0.018482 -1
0.03149 0.039883 1
0.03149 0.039883 -1
0.045315 0.051556 1
0.045315 0.051556 -1
0.048387 0.053502 1
0.048387 0.053502 -1
0.048387 0.053502 1
0.048387 0.053502 -1
0.069892 0.071012 1
0.069892 0.071012 -1
0.071429 0.071012 1
0.071429 0.071012 -1
0.080645 0.076848 1
0.080645 0.076848 -1
0.080645 0.076848 1
0.080645 0.076848 -1
0.082181 0.082685 1
0.082181 0.082685 -1
0.085253 0.082685 1
0.085253 0.082685 -1
0.092934 0.092412 1
0.092934 0.092412 -1
0.096006 0.094358 1
0.096006 0.094358 -1
0.10369 0.10019 1
0.10369 0.10019 -1
0.11444 0.10992 1
0.11444 0.10992 -1
0.1129 0.10603 1
0.1129 0.10603 -1
0.11905 0.11576 1
0.11905 0.11576 -1
0.1298 0.1216 1
0.1298 0.1216 -1
0.13902 0.12938 1
0.13902 0.12938 -1
0.13902 0.12743 1
0.13902 0.12743 -1
0.14363 0.13132 1
0.14363 0.13132 -1
0.15284 0.13911 1
0.15284 0.13911 -1
0.16513 0.15078 1
0.16513 0.15078 -1
0.16206 0.15078 1
0.16206 0.15078 -1
0.17435 0.15661 1
0.17435 0.15661 -1
0.17435 0.15467 1
0.17435 0.15467 -1
0.17896 0.15856 1
0.17896 0.15856 -1
0.18971 0.1644 1
0.18971 0.1644 -1
0.19739 0.17023 1
0.19739 0.17023 -1
0.202 0.17607 1
0.202 0.17607 -1
0.21275 0.17996 1
0.21275 0.17996 -1
0.21736 0.1858 1
0.21736 0.1858 -1
0.22043 0.18774 1
0.22043 0.18774 -1
0.22504 0.19553 1
0.22504 0.19553 -1
0.22657 0.19747 1
0.22657 0.19747 -1
0.23425 0.2072 1
0.23425 0.2072 -1
0.2404 0.21109 1
0.2404 0.21109 -1
0.24194 0.21304 1
0.24194 0.21304 -1
0.24347 0.21498 1
0.24347 0.21498 -1
0.24654 0.22082 1
0.24654 0.22082 -1
0.25422 0.22665 1
0.25422 0.22665 -1
0.25269 0.22471 1
0.25269 0.22471 -1
0.26344 0.23638 1
0.26344 0.23638 -1
0.26805 0.24222 1
0.26805 0.24222 -1
0.27266 0.24805 1
0.27266 0.24805 -1
0.28341 0.25973 1
0.28341 0.25973 -1
0.28802 0.26556 1
0.28802 0.26556 -1
0.29724 0.27724 1
0.29724 0.27724 -1
0.30799 0.28891 1
0.30799 0.28891 -1
0.31874 0.30642 1
0.31874 0.30642 -1
0.32181 0.31031 1
0.32181 0.31031 -1
0.32949 0.31809 1
0.32949 0.31809 -1
0.34485 0.34728 1
0.34485 0.34728 -1
0.34793 0.35117 1
0.34793 0.35117 -1
0.35561 0.357 1
0.35561 0.357 -1
0.35868 0.36673 1
0.35868 0.36673 -1
0.36482 0.3784 1
0.36482 0.3784 -1
0.36482 0.3823 1
0.36482 0.3823 -1
0.36943 0.38813 1
0.36943 0.38813 -1
0.37097 0.39202 1
0.37097 0.39202 -1
0.37097 0.39008 1
0.37097 0.39008 -1
0.37711 0.39397 1
0.37711 0.39397 -1
0.38479 0.4037 1
0.38479 0.4037 -1
0.38479 0.40175 1
0.38479 0.40175 -1
0.3894 0.40953 1
0.3894 0.40953 -1
0.39401 0.41537 1
0.39401 0.41537 -1
0.40169 0.42315 1
0.40169 0.42315 -1
0.41705 0.45039 1
0.41705 0.45039 -1
0.4232 0.45623 1
0.4232 0.45623 -1
0.4278 0.46012 1
0.4278 0.46012 -1
0.43241 0.46401 1
0.43241 0.46401 -1
0.43241 0.46206 1
0.43241 0.46206 -1
0.43548 0.46206 1
0.43548 0.46206 -1
0.43702 0.46401 1
0.43702 0.46401 -1
0.44624 0.46401 1
0.44624 0.46401 -1
0.4447 0.46206 1
0.4447 0.46206 -1
0.45084 0.4679 1
0.45084 0.4679 -1
0.45545 0.47179 1
0.45545 0.47179 -1
0.47696 0.48152 1
0.47696 0.48152 -1
0.4831 0.49319 1
0.4831 0.49319 -1
0.48771 0.50097 1
0.48771 0.50097 -1
0.49693 0.50486 1
0.49693 0.50486 -1
0.50922 0.51265 1
0.50922 0.51265 -1
0.51382 0.51459 1
0.51382 0.51459 -1
0.51997 0.51848 1
0.51997 0.51848 -1
0.52304 0.52043 1
0.52304 0.52043 -1
0.53226 0.52432 1
0.53226 0.52432 -1
0.5384 0.53016 1
0.5384 0.53016 -1
0.54608 0.53599 1
0.54608 0.53599 -1
0.55684 0.54572 1
0.55684 0.54572 -1
0.5553 0.54377 1
0.5553 0.54377 -1
0.55991 0.5535 1
0.55991 0.5535 -1
0.56144 0.55739 1
0.56144 0.55739 -1
0.56452 0.55934 1
0.56452 0.55934 -1
0.57066 0.56323 1
0.57066 0.56323 -1
0.57373 0.56518 1
0.57373 0.56518 -1
0.57834 0.56907 1
0.57834 0.56907 -1
0.58295 0.57296 1
0.58295 0.57296 -1
0.58449 0.57685 1
0.58449 0.57685 -1
0.5937 0.58268 1
0.5937 0.58268 -1
0.59831 0.58852 1
0.59831 0.58852 -1
0.60599 0.59436 1
0.60599 0.59436 -1
0.6106 0.60019 1
0.6106 0.60019 -1
0.62135 0.60992 1
0.62135 0.60992 -1
0.61982 0.60992 1
0.61982 0.60992 -1
0.62135 0.61187 1
0.62135 0.61187 -1
0.6275 0.61965 1
0.6275 0.61965 -1
0.63057 0.61965 1
0.63057 0.61965 -1
0.64132 0.62549 1
0.64132 0.62549 -1
0.64286 0.62938 1
0.64286 0.62938 -1
0.64747 0.63521 1
0.64747 0.63521 -1
0.65361 0.63716 1
0.65361 0.63716 -1
0.65668 0.643 1
0.65668 0.643 -1
0.66436 0.64883 1
0.66436 0.64883 -1
0.6659 0.64689 1
0.6659 0.64689 -1
0.67512 0.66051 1
0.67512 0.66051 -1
0.69048 0.67023 1
0.69048 0.67023 -1
0.69508 0.67218 1
0.69508 0.67218 -1
0.70276 0.67802 1
0.70276 0.67802 -1
0.7043 0.68191 1
0.7043 0.68191 -1
0.71352 0.68969 1
0.71352 0.68969 -1
0.71813 0.69358 1
0.71813 0.69358 -1
0.7212 0.69553 1
0.7212 0.69553 -1
0.72273 0.69942 1
0.72273 0.69942 -1
0.74117 0.7072 1
0.74117 0.7072 -1
0.73963 0.7072 1
0.73963 0.7072 -1
0.74578 0.71887 1
0.74578 0.71887 -1
0.74578 0.71693 1
0.74578 0.71693 -1
0.74731 0.72276 1
0.74731 0.72276 -1
0.75346 0.7286 1
0.75346 0.7286 -1
0.7596 0.73054 1
0.7596 0.73054 -1
0.75806 0.73054 1
0.75806 0.73054 -1
0.76421 0.73638 1
0.76421 0.73638 -1
0.76882 0.74222 1
0.76882 0.74222 -1
0.77189 0.74222 1
0.77189 0.74222 -1
0.78111 0.75389 1
0.78111 0.75389 -1
0.78879 0.76362 1
0.78879 0.76362 -1
0.79647 0.77724 1
0.79647 0.77724 -1
0.80568 0.78307 1
0.80568 0.78307 -1
0.81183 0.7928 1
0.81183 0.7928 -1
0.82258 0.80642 1
0.82258 0.80642 -1
0.82565 0.80642 1
0.82565 0.80642 -1
0.83333 0.81615 1
0.83333 0.81615 -1
0.83948 0.81809 1
0.83948 0.81809 -1
0.83794 0.81809 1
0.83794 0.81809 -1
0.85023 0.83949 1
0.85023 0.83949 -1
0.85945 0.84728 1
0.85945 0.84728 -1
0.86252 0.84728 1
0.86252 0.84728 -1
0.86559 0.85311 1
0.86559 0.85311 -1
0.86406 0.85311 1
0.86406 0.85311 -1
0.86713 0.857 1
0.86713 0.857 -1
0.87174 0.86479 1
0.87174 0.86479 -1
0.87942 0.87257 1
0.87942 0.87257 -1
0.87788 0.87062 1
0.87788 0.87062 -1
0.88556 0.8784 1
0.88556 0.8784 -1
0.89017 0.88424 1
0.89017 0.88424 -1
0.89324 0.89008 1
0.89324 0.89008 -1
0.90399 0.89981 1
0.90399 0.89981 -1
0.90707 0.90175 1
0.90707 0.90175 -1
0.90553 0.90175 1
0.90553 0.90175 -1
0.90707 0.9037 1
0.90707 0.9037 -1
0.91167 0.90564 1
0.91167 0.90564 -1
0.91628 0.91342 1
0.91628 0.91342 -1
0.91475 0.91342 1
0.91475 0.91342 -1
0.91628 0.91537 1
0.91628 0.91537 -1
0.92089 0.91926 1
0.92089 0.91926 -1
0.9255 0.92315 1
0.9255 0.92315 -1
0.92396 0.92315 1
0.92396 0.92315 -1
0.92857 0.92704 1
0.92857 0.92704 -1
0.92857 0.9251 1
0.92857 0.9251 -1
0.93011 0.92704 1
0.93011 0.92704 -1
0.93625 0.93288 1
0.93625 0.93288 -1
0.93472 0.93288 1
0.93472 0.93288 -1
0.93779 0.93482 1
0.93779 0.93482 -1
0.94086 0.93872 1
0.94086 0.93872 -1
0.94393 0.94455 1
0.94393 0.94455 -1
0.94854 0.94844 1
0.94854 0.94844 -1
0.95161 0.95233 1
0.95161 0.95233 -1
0.95008 0.95039 1
0.95008 0.95039 -1
0.95315 0.95428 1
0.95315 0.95428 -1
0.95161 0.95233 1
0.95161 0.95233 -1
0.95776 0.96012 1
0.95776 0.96012 -1
0.96083 0.96401 1
0.96083 0.96401 -1
0.95929 0.96206 1
0.95929 0.96206 -1
0.96237 0.96401 1
0.96237 0.96401 -1
0.96544 0.96984 1
0.96544 0.96984 -1
0.97005 0.97374 1
0.97005 0.97374 -1
0.97158 0.97374 1
0.97158 0.97374 -1
0.97465 0.97568 1
0.97465 0.97568 -1
0.97773 0.98152 1
0.97773 0.98152 -1
0.97926 0.98346 1
0.97926 0.98346 -1
0.9808 0.98735 1
0.9808 0.98735 -1
0.98233 0.99125 1
0.98233 0.99125 -1
0.98541 0.99708 1
0.98541 0.99708 -1
0.98387 0.99514 1
0.98387 0.99514 -1
0.98694 1.001 17.321
0.98694 1.001 0
0.98694 0.99903 1
0.98694 0.99903 -1
0.013812 0.0081776 1
0.013812 0.0081776 -1
0.021179 0.015187 1
0.021179 0.015187 -1
0.028545 0.022196 1
0.028545 0.022196 -1
0.030387 0.024533 1
0.030387 0.024533 -1
0.032228 0.031542 1
0.032228 0.031542 -1
0.037753 0.036215 1
0.037753 0.036215 -1
0.050645 0.045561 1
0.050645 0.045561 -1
0.059853 0.059579 1
0.059853 0.059579 -1
0.072744 0.066589 1
0.072744 0.066589 -1
0.078269 0.071262 1
0.078269 0.071262 -1
0.08011 0.073598 1
0.08011 0.073598 -1
0.09116 0.08528 1
0.09116 0.08528 -1
0.096685 0.09229 1
0.096685 0.09229 -1
0.10037 0.096963 1
0.10037 0.096963 -1
0.10221 0.099299 1
0.10221 0.099299 -1
0.11142 0.10397 1
0.11142 0.10397 -1
0.11694 0.11098 1
0.11694 0.11098 -1
0.12247 0.12033 1
0.12247 0.12033 -1
0.12799 0.12967 1
0.12799 0.12967 -1
0.12983 0.13435 1
0.12983 0.13435 -1
0.1372 0.14836 1
0.1372 0.14836 -1
0.14273 0.15304 1
0.14273 0.15304 -1
0.15009 0.16238 1
0.15009 0.16238 -1
0.15193 0.16472 1
0.15193 0.16472 -1
0.16114 0.17407 1
0.16114 0.17407 -1
0.16483 0.17407 1
0.16483 0.17407 -1
0.16851 0.17874 1
0.16851 0.17874 -1
0.17403 0.18341 1
0.17403 0.18341 -1
0.1814 0.19509 1
0.1814 0.19509 -1
0.18877 0.19977 1
0.18877 0.19977 -1
0.19245 0.20444 1
0.19245 0.20444 -1
0.19429 0.20678 1
0.19429 0.20678 -1
0.20166 0.21379 1
0.20166 0.21379 -1
0.21823 0.21612 1
0.21823 0.21612 -1
0.22744 0.22313 1
0.22744 0.22313 -1
0.23297 0.23014 1
0.23297 0.23014 -1
0.24033 0.23248 1
0.24033 0.23248 -1
0.25691 0.25117 1
0.25691 0.25117 -1
0.28269 0.27921 1
0.28269 0.27921 -1
0.29742 0.29089 1
0.29742 0.29089 -1
0.31031 0.30724 1
0.31031 0.30724 -1
0.33057 0.32593 1
0.33057 0.32593 -1
0.3453 0.34463 1
0.3453 0.34463 -1
0.35451 0.36098 1
0.35451 0.36098 -1
0.3582 0.36799 1
0.3582 0.36799 -1
0.37109 0.375 1
0.37109 0.375 -1
0.37661 0.37967 1
0.37661 0.37967 -1
0.38582 0.38902 1
0.38582 0.38902 -1
0.3895 0.39369 1
0.3895 0.39369 -1
0.39503 0.40304 1
0.39503 0.40304 -1
0.40424 0.41472 1
0.40424 0.41472 -1
0.41713 0.42874 1
0.41713 0.42874 -1
0.41897 0.43341 1
0.41897 0.43341 -1
0.42449 0.44276 1
0.42449 0.44276 -1
0.43186 0.44743 1
0.43186 0.44743 -1
0.44107 0.46379 1
0.44107 0.46379 -1
0.44107 0.46846 1
0.44107 0.46846 -1
0.44107 0.47313 1
0.44107 0.47313 -1
0.44659 0.4778 1
0.44659 0.4778 -1
0.44843 0.48248 1
0.44843 0.48248 -1
0.45028 0.48481 1
0.45028 0.48481 -1
0.45948 0.49416 1
0.45948 0.49416 -1
0.46317 0.4965 1
0.46317 0.4965 -1
0.46501 0.49883 1
0.46501 0.49883 -1
0.47053 0.50584 1
0.47053 0.50584 -1
0.47974 0.51285 1
0.47974 0.51285 -1
0.48527 0.5222 1
0.48527 0.5222 -1
0.5 0.53154 1
0.5 0.53154 -1
0.50737 0.53855 1
0.50737 0.53855 -1
0.51842 0.54322 1
0.51842 0.54322 -1
0.52578 0.55023 1
0.52578 0.55023 -1
0.53315 0.55724 1
0.53315 0.55724 -1
0.55341 0.56659 1
0.55341 0.56659 -1
0.57182 0.58528 1
0.57182 0.58528 -1
0.5884 0.59696 1
0.5884 0.59696 -1
0.59392 0.5993 1
0.59392 0.5993 -1
0.60129 0.60631 1
0.60129 0.60631 -1
0.61786 0.61565 1
0.61786 0.61565 -1
0.62523 0.62266 1
0.62523 0.62266 -1
0.64733 0.64836 1
0.64733 0.64836 -1
0.6547 0.65304 1
0.6547 0.65304 -1
0.66759 0.66005 1
0.66759 0.66005 -1
0.67127 0.66238 1
0.67127 0.66238 -1
0.67495 0.66939 1
0.67495 0.66939 -1
0.68048 0.67173 1
0.68048 0.67173 -1
0.68785 0.67874 1
0.68785 0.67874 -1
0.69153 0.68808 1
0.69153 0.68808 -1
0.69521 0.69042 1
0.69521 0.69042 -1
0.70258 0.69743 1
0.70258 0.69743 -1
0.70442 0.69977 1
0.70442 0.69977 -1
0.70994 0.70678 1
0.70994 0.70678 -1
0.71363 0.71379 1
0.71363 0.71379 -1
0.72099 0.71846 1
0.72099 0.71846 -1
0.73204 0.72547 1
0.73204 0.72547 -1
0.73573 0.73014 1
0.73573 0.73014 -1
0.73757 0.73248 1
0.73757 0.73248 -1
0.74862 0.7465 1
0.74862 0.7465 -1
0.76151 0.7535 1
0.76151 0.7535 -1
0.76703 0.76051 1
0.76703 0.76051 -1
0.77072 0.76285 1
0.77072 0.76285 -1
0.77256 0.76519 1
0.77256 0.76519 -1
0.78361 0.76986 1
0.78361 0.76986 -1
0.78729 0.77453 1
0.78729 0.77453 -1
0.79466 0.78154 1
0.79466 0.78154 -1
0.80018 0.78621 1
0.80018 0.78621 -1
0.81308 0.80023 1
0.81308 0.80023 -1
0.82597 0.80724 1
0.82597 0.80724 -1
0.83702 0.81659 1
0.83702 0.81659 -1
0.84254 0.8236 1
0.84254 0.8236 -1
0.85175 0.83294 1
0.85175 0.83294 -1
0.85912 0.83995 1
0.85912 0.83995 -1
0.86464 0.84463 1
0.86464 0.84463 -1
0.87569 0.86332 1
0.87569 0.86332 -1
0.89963 0.88902 1
0.89963 0.88902 -1
0.907 0.89836 1
0.907 0.89836 -1
0.90884 0.9007 1
0.90884 0.9007 -1
0.91989 0.91472 1
0.91989 0.91472 -1
0.92173 0.91706 1
0.92173 0.91706 -1
0.92726 0.92407 1
0.92726 0.92407 -1
0.9291 0.9264 1
0.9291 0.9264 -1
0.93094 0.92874 1
0.93094 0.92874 -1
0.93278 0.93341 1
0.93278 0.93341 -1
0.93646 0.93575 1
0.93646 0.93575 -1
0.94383 0.94276 1
0.94383 0.94276 -1
0.94567 0.94509 1
0.94567 0.94509 -1
0.94751 0.94743 1
0.94751 0.94743 -1
0.9512 0.94977 1
0.9512 0.94977 -1
0.95304 0.95444 1
0.95304 0.95444 -1
0.95488 0.95678 1
0.95488 0.95678 -1
0.95856 0.96379 1
0.95856 0.96379 -1
0.96777 0.96612 1
0.96777 0.96612 -1
0.96961 0.96612 1
0.96961 0.96612 -1
0.9733 0.97313 1
0.9733 0.97313 -1
0.97698 0.97313 1
0.97698 0.97313 -1
0.98803 0.98248 1
0.98803 0.98248 -1
0.99171 0.98481 1
0.99171 0.98481 -1
0.99355 0.98715 1
0.99355 0.98715 -1
